0 1 np 153.2867 0.3240 0.5193 0.0349
0 2 approx1 155.6663 0.1640 0.3237 0.0225
0 3 approx2_5 213.2903 0.0830 0.1034 0.0013
0 4 approx2_10 177.7419 0.1301 0.2228 0.0021
0 5 approx2_15 159.9677 0.1961 0.3397 0.0031
0 6 approx2_20 151.0806 0.1812 0.3511 0.0043
0 7 approx2_25 151.0806 0.1812 0.3511 0.0046
0 8 np 150.6846 0.3029 0.5113 0.0036
0 9 approx1 155.6663 0.1640 0.3237 0.0221
0 10 approx2_5 213.2903 0.0830 0.1034 0.0011
0 11 approx2_10 177.7419 0.1301 0.2228 0.0020
0 12 approx2_15 159.9677 0.1961 0.3397 0.0031
0 13 approx2_20 151.0806 0.1812 0.3511 0.0043
0 14 approx2_25 151.0806 0.1812 0.3511 0.0046
1 1 np 12.8012 0.1566 0.1677 0.0092
1 2 approx1 11.3578 0.0988 0.0987 0.1233
1 3 approx2_5 15.7242 0.0841 0.0561 0.0013
1 4 approx2_10 11.7931 0.1051 0.0809 0.0026
1 5 approx2_15 11.7931 0.1051 0.0809 0.0035
1 6 approx2_20 10.8104 0.1124 0.1020 0.0053
1 7 approx2_25 10.8104 0.1124 0.1020 0.0064
1 8 np 12.7135 0.1427 0.1455 0.0075
1 9 approx1 11.3578 0.0988 0.0987 0.1092
1 10 approx2_5 15.7242 0.0841 0.0561 0.0013
1 11 approx2_10 11.7931 0.1051 0.0809 0.0028
1 12 approx2_15 11.7931 0.1051 0.0809 0.0042
1 13 approx2_20 10.8104 0.1124 0.1020 0.0122
1 14 approx2_25 10.8104 0.1124 0.1020 0.0064
2 1 np 3132.0060 0.5379 0.0000 0.0051
2 2 approx1 1608.8175 0.4832 0.0000 0.0133
2 3 approx2_5 3244.7382 0.5323 0.0000 0.0025
2 4 approx2_10 3244.7382 0.5323 0.0000 0.0035
2 5 approx2_15 2433.5536 0.3750 0.0000 0.0050
2 6 approx2_20 2027.9614 0.5135 0.0000 0.0068
2 7 approx2_25 2027.9614 0.5135 0.0000 0.0081
2 8 np 2362.1087 0.5389 0.0000 0.0038
2 9 approx1 1608.8175 0.4832 0.0000 0.0141
2 10 approx2_5 3244.7382 0.5323 0.0000 0.0025
2 11 approx2_10 3244.7382 0.5323 0.0000 0.0036
2 12 approx2_15 2433.5536 0.3750 0.0000 0.0051
2 13 approx2_20 2027.9614 0.5135 0.0000 0.0089
2 14 approx2_25 2027.9614 0.5135 0.0000 0.0082
3 1 np 4767.1843 0.5506 0.0000 0.0021
3 2 approx1 4376.3955 0.4678 0.0000 0.0037
3 3 approx2_5 5983.9623 -0.1950 0.0000 0.0010
3 4 approx2_10 4487.9718 -0.0607 0.0000 0.0019
3 5 approx2_15 4487.9718 -0.0607 0.0000 0.0039
3 6 approx2_20 4487.9718 -0.0607 0.0000 0.0028
3 7 approx2_25 4487.9718 -0.0607 0.0000 0.0035
3 8 np 4767.1843 0.5506 0.0000 0.0024
3 9 approx1 4376.3955 0.4678 0.0000 0.0030
3 10 approx2_5 5983.9623 -0.1950 0.0000 0.0011
3 11 approx2_10 4487.9718 -0.0607 0.0000 0.0018
3 12 approx2_15 4487.9718 -0.0607 0.0000 0.0021
3 13 approx2_20 4487.9718 -0.0607 0.0000 0.0028
3 14 approx2_25 4487.9718 -0.0607 0.0000 0.0041
4 1 np 6.2306 0.1871 -0.0031 0.0026
4 2 approx1 7.2111 0.0975 0.2009 0.0030
4 3 approx2_5 9.3274 0.0774 0.0024 0.0003
4 4 approx2_10 8.1615 0.0733 0.1995 0.0010
4 5 approx2_15 7.5785 0.0971 0.0721 0.0018
4 6 approx2_20 7.5785 0.0971 0.0721 0.0018
4 7 approx2_25 7.4328 0.0971 0.0721 0.0027
4 8 np 5.5070 0.2030 -0.0060 0.0085
4 9 approx1 7.2111 0.0975 0.2009 0.0031
4 10 approx2_5 9.3274 0.0774 0.0024 0.0003
4 11 approx2_10 8.1615 0.0733 0.1995 0.0010
4 12 approx2_15 7.5785 0.0971 0.0721 0.0018
4 13 approx2_20 7.5785 0.0971 0.0721 0.0027
4 14 approx2_25 7.4328 0.0971 0.0721 0.0027
5 1 np 38.2027 0.2020 0.6463 0.0092
5 2 approx1 47.8330 0.0940 0.3092 0.0221
5 3 approx2_5 57.3738 0.0471 0.1542 0.0012
5 4 approx2_10 47.8115 0.1077 0.4254 0.0021
5 5 approx2_15 47.8115 0.1077 0.4254 0.0024
5 6 approx2_20 47.8115 0.1077 0.4254 0.0033
5 7 approx2_25 47.8115 0.1077 0.4254 0.0040
5 8 np 43.0436 0.1675 0.5815 0.0059
5 9 approx1 47.8330 0.0940 0.3092 0.0226
5 10 approx2_5 57.3738 0.0471 0.1542 0.0011
5 11 approx2_10 47.8115 0.1077 0.4254 0.0021
5 12 approx2_15 47.8115 0.1077 0.4254 0.0029
5 13 approx2_20 47.8115 0.1077 0.4254 0.0032
5 14 approx2_25 47.8115 0.1077 0.4254 0.0041
6 1 np 226.2963 0.4353 0.2693 0.0031
6 2 approx1 67.7200 0.5914 0.5236 0.0136
6 3 approx2_5 1245.4284 0.2132 0.0200 0.0017
6 4 approx2_10 622.7142 0.2132 0.0200 0.0024
6 5 approx2_15 311.3571 0.2229 0.0175 0.0032
6 6 approx2_20 155.6786 0.2269 0.0151 0.0043
6 7 approx2_25 77.8393 0.3931 0.5315 0.0054
6 8 np 210.6284 0.3074 0.2028 0.0032
6 9 approx1 67.7200 0.5914 0.5236 0.0132
6 10 approx2_5 1245.4284 0.2132 0.0200 0.0018
6 11 approx2_10 622.7142 0.2132 0.0200 0.0028
6 12 approx2_15 311.3571 0.2229 0.0175 0.0032
6 13 approx2_20 155.6786 0.2269 0.0151 0.0040
6 14 approx2_25 77.8393 0.3931 0.5315 0.0048
7 1 np 506.3813 0.5168 -0.0762 0.0030
7 2 approx1 329.8345 0.7321 -0.0281 0.0029
7 3 approx2_5 384.8102 -0.1951 -0.0585 0.0010
7 4 approx2_10 288.6077 -0.1951 -0.0585 0.0021
7 5 approx2_15 288.6077 -0.1951 -0.0585 0.0021
7 6 approx2_20 264.5570 -0.1951 -0.0585 0.0029
7 7 approx2_25 264.5570 -0.1951 -0.0585 0.0034
7 8 np 506.3813 0.5168 -0.0762 0.0023
7 9 approx1 329.8345 0.7321 -0.0281 0.0030
7 10 approx2_5 384.8102 -0.1951 -0.0585 0.0011
7 11 approx2_10 288.6077 -0.1951 -0.0585 0.0018
7 12 approx2_15 288.6077 -0.1951 -0.0585 0.0029
7 13 approx2_20 264.5570 -0.1951 -0.0585 0.0032
7 14 approx2_25 264.5570 -0.1951 -0.0585 0.0035
8 1 np 327.7366 0.3309 0.3854 0.0028
8 2 approx1 160.4043 0.1720 0.1119 0.0038
8 3 approx2_5 379.9385 -0.2096 0.0002 0.0005
8 4 approx2_10 189.9692 -0.0531 0.1058 0.0007
8 5 approx2_15 189.9692 -0.0531 0.1058 0.0008
8 6 approx2_20 189.9692 -0.0531 0.1058 0.0013
8 7 approx2_25 166.2231 0.0625 0.2743 0.0013
8 8 np 338.5275 0.2915 0.2933 0.0029
8 9 approx1 160.4043 0.1720 0.1119 0.0041
8 10 approx2_5 379.9385 -0.2096 0.0002 0.0006
8 11 approx2_10 189.9692 -0.0531 0.1058 0.0007
8 12 approx2_15 189.9692 -0.0531 0.1058 0.0008
8 13 approx2_20 189.9692 -0.0531 0.1058 0.0010
8 14 approx2_25 166.2231 0.0625 0.2743 0.0013
9 1 np 8.8078 0.5032 0.0000 0.0017
9 2 approx1 11.4102 0.4404 0.0000 0.0030
9 3 approx2_5 17.0275 -0.0099 0.0000 0.0015
9 4 approx2_10 14.1895 0.0753 0.0000 0.0022
9 5 approx2_15 12.7706 0.0753 0.0000 0.0030
9 6 approx2_20 12.0611 0.1114 0.0000 0.0046
9 7 approx2_25 11.7064 0.1114 0.0000 0.0047
9 8 np 8.8078 0.5032 0.0000 0.0016
9 9 approx1 11.4102 0.4404 0.0000 0.0030
9 10 approx2_5 17.0275 -0.0099 0.0000 0.0024
9 11 approx2_10 14.1895 0.0753 0.0000 0.0023
9 12 approx2_15 12.7706 0.0753 0.0000 0.0030
9 13 approx2_20 12.0611 0.1114 0.0000 0.0043
9 14 approx2_25 11.7064 0.1114 0.0000 0.0047
10 1 np 3.2249 0.4138 0.6008 0.0076
10 2 approx1 3.2915 0.2608 0.4932 0.0593
10 3 approx2_5 5.2839 0.6359 0.9947 0.0033
10 4 approx2_10 5.2839 0.6359 0.9947 0.0034
10 5 approx2_15 3.9629 0.3700 0.7328 0.0077
10 6 approx2_20 3.9629 0.3700 0.7328 0.0075
10 7 approx2_25 3.6327 0.2918 0.6277 0.0088
10 8 np 3.5695 0.3350 0.5157 0.0084
10 9 approx1 3.2915 0.2608 0.4932 0.0466
10 10 approx2_5 5.2839 0.6359 0.9947 0.0034
10 11 approx2_10 5.2839 0.6359 0.9947 0.0034
10 12 approx2_15 3.9629 0.3700 0.7328 0.0050
10 13 approx2_20 3.9629 0.3700 0.7328 0.0077
10 14 approx2_25 3.6327 0.2918 0.6277 0.0082
11 1 np 0.4923 0.4700 0.1986 0.0045
11 2 approx1 0.6170 0.3778 0.1790 0.0365
11 3 approx2_5 0.8426 0.4078 0.2503 0.0033
11 4 approx2_10 0.8426 0.4078 0.2503 0.0032
11 5 approx2_15 0.6320 0.4524 0.2529 0.0051
11 6 approx2_20 0.6320 0.4524 0.2529 0.0054
11 7 approx2_25 0.6320 0.4524 0.2529 0.0058
11 8 np 0.4707 0.4749 0.1944 0.0055
11 9 approx1 0.6170 0.3778 0.1790 0.0323
11 10 approx2_5 0.8426 0.4078 0.2503 0.0031
11 11 approx2_10 0.8426 0.4078 0.2503 0.0032
11 12 approx2_15 0.6320 0.4524 0.2529 0.0056
11 13 approx2_20 0.6320 0.4524 0.2529 0.0054
11 14 approx2_25 0.6320 0.4524 0.2529 0.0058
12 1 np 3.2157 0.3303 0.4417 0.0049
12 2 approx1 3.2941 0.2220 0.4081 0.0324
12 3 approx2_5 5.5162 0.5709 0.6698 0.0029
12 4 approx2_10 5.5162 0.5709 0.6698 0.0036
12 5 approx2_15 4.1371 0.3701 0.7366 0.0049
12 6 approx2_20 3.4476 0.3302 0.6806 0.0066
12 7 approx2_25 3.1029 0.3360 0.6696 0.0088
12 8 np 3.2408 0.3226 0.4171 0.0038
12 9 approx1 3.2941 0.2220 0.4081 0.0326
12 10 approx2_5 5.5162 0.5709 0.6698 0.0033
12 11 approx2_10 5.5162 0.5709 0.6698 0.0036
12 12 approx2_15 4.1371 0.3701 0.7366 0.0049
12 13 approx2_20 3.4476 0.3302 0.6806 0.0064
12 14 approx2_25 3.1029 0.3360 0.6696 0.0079
13 1 np 0.4762 0.4812 0.2011 0.0040
13 2 approx1 0.5679 0.4514 0.1987 0.0417
13 3 approx2_5 0.8653 0.4238 0.2344 0.0075
13 4 approx2_10 0.8653 0.4238 0.2344 0.0079
13 5 approx2_15 0.6489 0.4560 0.2359 0.0192
13 6 approx2_20 0.6489 0.4560 0.2359 0.0188
13 7 approx2_25 0.5949 0.4147 0.2044 0.0098
13 8 np 0.4476 0.4842 0.1996 0.0044
13 9 approx1 0.5679 0.4514 0.1987 0.0320
13 10 approx2_5 0.8653 0.4238 0.2344 0.0031
13 11 approx2_10 0.8653 0.4238 0.2344 0.0050
13 12 approx2_15 0.6489 0.4560 0.2359 0.0052
13 13 approx2_20 0.6489 0.4560 0.2359 0.0064
13 14 approx2_25 0.5949 0.4147 0.2044 0.0086
14 1 np 3.2385 0.3359 0.5176 0.0044
14 2 approx1 3.7881 0.2591 0.5100 0.0323
14 3 approx2_5 4.5876 0.4326 0.7957 0.0031
14 4 approx2_10 4.5876 0.4326 0.7957 0.0032
14 5 approx2_15 3.4407 0.2937 0.6215 0.0051
14 6 approx2_20 3.4407 0.2937 0.6215 0.0053
14 7 approx2_25 3.4407 0.2937 0.6215 0.0067
14 8 np 2.9154 0.3209 0.5165 0.0041
14 9 approx1 3.7881 0.2591 0.5100 0.0336
14 10 approx2_5 4.5876 0.4326 0.7957 0.0031
14 11 approx2_10 4.5876 0.4326 0.7957 0.0032
14 12 approx2_15 3.4407 0.2937 0.6215 0.0050
14 13 approx2_20 3.4407 0.2937 0.6215 0.0052
14 14 approx2_25 3.4407 0.2937 0.6215 0.0057
15 1 np 0.5559 0.4770 0.1969 0.0044
15 2 approx1 0.6623 0.3667 0.2085 0.0326
15 3 approx2_5 0.8752 0.4580 0.3228 0.0034
15 4 approx2_10 0.8752 0.4580 0.3228 0.0033
15 5 approx2_15 0.6564 0.4376 0.2141 0.0053
15 6 approx2_20 0.6564 0.4376 0.2141 0.0057
15 7 approx2_25 0.6564 0.4376 0.2141 0.0069
15 8 np 0.5559 0.4761 0.1961 0.0044
15 9 approx1 0.6623 0.3667 0.2085 0.0329
15 10 approx2_5 0.8752 0.4580 0.3228 0.0033
15 11 approx2_10 0.8752 0.4580 0.3228 0.0033
15 12 approx2_15 0.6564 0.4376 0.2141 0.0073
15 13 approx2_20 0.6564 0.4376 0.2141 0.0083
15 14 approx2_25 0.6564 0.4376 0.2141 0.0069
16 1 np 3.8851 0.3355 0.4478 0.0041
16 2 approx1 3.2957 0.2349 0.6045 0.0323
16 3 approx2_5 6.2253 0.7144 0.7120 0.0031
16 4 approx2_10 3.1126 0.2835 0.5637 0.0046
16 5 approx2_15 3.1126 0.2835 0.5637 0.0047
16 6 approx2_20 3.1126 0.2835 0.5637 0.0048
16 7 approx2_25 3.1126 0.2835 0.5637 0.0056
16 8 np 3.9264 0.3284 0.4360 0.0037
16 9 approx1 3.2957 0.2349 0.6045 0.0332
16 10 approx2_5 6.2253 0.7144 0.7120 0.0031
16 11 approx2_10 3.1126 0.2835 0.5637 0.0046
16 12 approx2_15 3.1126 0.2835 0.5637 0.0047
16 13 approx2_20 3.1126 0.2835 0.5637 0.0049
16 14 approx2_25 3.1126 0.2835 0.5637 0.0067
17 1 np 0.4674 0.4628 0.1964 0.0046
17 2 approx1 0.6339 0.4547 0.2120 0.0325
17 3 approx2_5 0.8764 0.4171 0.2850 0.0031
17 4 approx2_10 0.8764 0.4171 0.2850 0.0032
17 5 approx2_15 0.6573 0.4575 0.2311 0.0049
17 6 approx2_20 0.5477 0.4348 0.1973 0.0070
17 7 approx2_25 0.5477 0.4348 0.1973 0.0072
17 8 np 0.5139 0.4745 0.2014 0.0039
17 9 approx1 0.6339 0.4547 0.2120 0.0326
17 10 approx2_5 0.8764 0.4171 0.2850 0.0031
17 11 approx2_10 0.8764 0.4171 0.2850 0.0033
17 12 approx2_15 0.6573 0.4575 0.2311 0.0049
17 13 approx2_20 0.5477 0.4348 0.1973 0.0069
17 14 approx2_25 0.5477 0.4348 0.1973 0.0079
18 1 np 3.2357 0.3266 0.4766 0.0044
18 2 approx1 3.4461 0.2374 0.4964 0.0318
18 3 approx2_5 6.4086 0.7764 0.7120 0.0029
18 4 approx2_10 3.2043 0.2457 0.5323 0.0045
18 5 approx2_15 3.2043 0.2457 0.5323 0.0045
18 6 approx2_20 3.2043 0.2457 0.5323 0.0047
18 7 approx2_25 3.2043 0.2457 0.5323 0.0060
18 8 np 3.8906 0.3335 0.4648 0.0044
18 9 approx1 3.4461 0.2374 0.4964 0.0332
18 10 approx2_5 6.4086 0.7764 0.7120 0.0029
18 11 approx2_10 3.2043 0.2457 0.5323 0.0045
18 12 approx2_15 3.2043 0.2457 0.5323 0.0046
18 13 approx2_20 3.2043 0.2457 0.5323 0.0048
18 14 approx2_25 3.2043 0.2457 0.5323 0.0071
19 1 np 0.4372 0.4856 0.1968 0.0041
19 2 approx1 0.5708 0.4029 0.2208 0.0348
19 3 approx2_5 0.8635 0.2877 0.3005 0.0043
19 4 approx2_10 0.8635 0.2877 0.3005 0.0033
19 5 approx2_15 0.6476 0.3766 0.2286 0.0050
19 6 approx2_20 0.6476 0.3766 0.2286 0.0052
19 7 approx2_25 0.6476 0.3766 0.2286 0.0061
19 8 np 0.4403 0.4845 0.1955 0.0040
19 9 approx1 0.5708 0.4029 0.2208 0.0338
19 10 approx2_5 0.8635 0.2877 0.3005 0.0032
19 11 approx2_10 0.8635 0.2877 0.3005 0.0033
19 12 approx2_15 0.6476 0.3766 0.2286 0.0050
19 13 approx2_20 0.6476 0.3766 0.2286 0.0053
19 14 approx2_25 0.6476 0.3766 0.2286 0.0055
20 1 np 3.5495 0.4387 0.5644 0.0030
20 2 approx1 3.7680 0.2969 0.3805 0.0127
20 3 approx2_5 6.8804 0.3197 0.5070 0.0037
20 4 approx2_10 5.1603 0.3567 0.6385 0.0047
20 5 approx2_15 4.3003 0.1966 0.5130 0.0076
20 6 approx2_20 3.8702 0.1997 0.4511 0.0084
20 7 approx2_25 3.8702 0.1997 0.4511 0.0087
20 8 np 3.7167 0.3681 0.5179 0.0034
20 9 approx1 3.7680 0.2969 0.3805 0.0134
20 10 approx2_5 6.8804 0.3197 0.5070 0.0030
20 11 approx2_10 5.1603 0.3567 0.6385 0.0044
20 12 approx2_15 4.3003 0.1966 0.5130 0.0058
20 13 approx2_20 3.8702 0.1997 0.4511 0.0074
20 14 approx2_25 3.8702 0.1997 0.4511 0.0087
21 1 np 3.6563 0.3382 0.3103 0.0045
21 2 approx1 3.3536 0.1676 0.1122 0.0191
21 3 approx2_5 5.2726 -0.0786 0.0397 0.0023
21 4 approx2_10 3.9544 0.0574 0.2491 0.0034
21 5 approx2_15 3.2954 0.1216 0.2494 0.0051
21 6 approx2_20 3.2954 0.1216 0.2494 0.0053
21 7 approx2_25 3.2954 0.1216 0.2494 0.0080
21 8 np 3.6553 0.3365 0.3139 0.0034
21 9 approx1 3.3536 0.1676 0.1122 0.0122
21 10 approx2_5 5.2726 -0.0786 0.0397 0.0052
21 11 approx2_10 3.9544 0.0574 0.2491 0.0034
21 12 approx2_15 3.2954 0.1216 0.2494 0.0091
21 13 approx2_20 3.2954 0.1216 0.2494 0.0053
21 14 approx2_25 3.2954 0.1216 0.2494 0.0059
22 1 np 3.6463 0.3575 0.4980 0.0035
22 2 approx1 3.8229 0.3607 0.4638 0.0120
22 3 approx2_5 6.9324 0.0302 0.3266 0.0029
22 4 approx2_10 5.1993 0.0750 0.4314 0.0041
22 5 approx2_15 4.3327 0.1665 0.6100 0.0055
22 6 approx2_20 3.8995 0.1958 0.6010 0.0069
22 7 approx2_25 3.8995 0.1958 0.6010 0.0077
22 8 np 3.2579 0.4321 0.5307 0.0030
22 9 approx1 3.8229 0.3607 0.4638 0.0124
22 10 approx2_5 6.9324 0.0302 0.3266 0.0030
22 11 approx2_10 5.1993 0.0750 0.4314 0.0043
22 12 approx2_15 4.3327 0.1665 0.6100 0.0054
22 13 approx2_20 3.8995 0.1958 0.6010 0.0068
22 14 approx2_25 3.8995 0.1958 0.6010 0.0077
23 1 np 3.3326 0.3952 0.6528 0.0032
23 2 approx1 4.0946 0.3561 0.5377 0.0126
23 3 approx2_5 4.0637 0.2042 0.6099 0.0029
23 4 approx2_10 4.0637 0.2042 0.6099 0.0032
23 5 approx2_15 4.0637 0.2042 0.6099 0.0040
23 6 approx2_20 4.0637 0.2042 0.6099 0.0051
23 7 approx2_25 4.0637 0.2042 0.6099 0.0062
23 8 np 3.2640 0.4155 0.6677 0.0030
23 9 approx1 4.0946 0.3561 0.5377 0.0146
23 10 approx2_5 4.0637 0.2042 0.6099 0.0029
23 11 approx2_10 4.0637 0.2042 0.6099 0.0031
23 12 approx2_15 4.0637 0.2042 0.6099 0.0039
23 13 approx2_20 4.0637 0.2042 0.6099 0.0061
23 14 approx2_25 4.0637 0.2042 0.6099 0.0062
24 1 np 4.3287 0.4675 0.8060 0.0056
24 2 approx1 5.1353 0.3689 0.5505 0.0122
24 3 approx2_5 8.1479 0.2793 0.6629 0.0023
24 4 approx2_10 6.1109 0.3062 0.6482 0.0035
24 5 approx2_15 5.0924 0.1945 0.6056 0.0053
24 6 approx2_20 4.5832 0.2206 0.6656 0.0064
24 7 approx2_25 4.5832 0.2206 0.6656 0.0071
24 8 np 4.3002 0.4863 0.8130 0.0038
24 9 approx1 5.1353 0.3689 0.5505 0.0124
24 10 approx2_5 8.1479 0.2793 0.6629 0.0023
24 11 approx2_10 6.1109 0.3062 0.6482 0.0054
24 12 approx2_15 5.0924 0.1945 0.6056 0.0049
24 13 approx2_20 4.5832 0.2206 0.6656 0.0063
24 14 approx2_25 4.5832 0.2206 0.6656 0.0085
25 1 np 3.7777 0.5115 0.7609 0.0036
25 2 approx1 4.8769 0.3548 0.4653 0.0121
25 3 approx2_5 6.7572 0.3583 0.6853 0.0025
25 4 approx2_10 5.0679 0.3396 0.6433 0.0045
25 5 approx2_15 4.2232 0.4368 0.7563 0.0077
25 6 approx2_20 4.2232 0.4368 0.7563 0.0077
25 7 approx2_25 4.2232 0.4368 0.7563 0.0073
25 8 np 3.7098 0.5175 0.7854 0.0028
25 9 approx1 4.8769 0.3548 0.4653 0.0123
25 10 approx2_5 6.7572 0.3583 0.6853 0.0026
25 11 approx2_10 5.0679 0.3396 0.6433 0.0038
25 12 approx2_15 4.2232 0.4368 0.7563 0.0054
25 13 approx2_20 4.2232 0.4368 0.7563 0.0061
25 14 approx2_25 4.2232 0.4368 0.7563 0.0087
26 1 np 3.4205 0.3582 0.5079 0.0034
26 2 approx1 3.5195 0.1943 0.2156 0.0132
26 3 approx2_5 5.3185 0.0735 0.2790 0.0020
26 4 approx2_10 3.9889 0.1944 0.3520 0.0032
26 5 approx2_15 3.9889 0.1944 0.3520 0.0125
26 6 approx2_20 3.6565 0.1322 0.2819 0.0057
26 7 approx2_25 3.6565 0.1322 0.2819 0.0201
26 8 np 3.1773 0.3680 0.5124 0.0090
26 9 approx1 3.5195 0.1943 0.2156 0.0256
26 10 approx2_5 5.3185 0.0735 0.2790 0.0033
26 11 approx2_10 3.9889 0.1944 0.3520 0.0033
26 12 approx2_15 3.9889 0.1944 0.3520 0.0101
26 13 approx2_20 3.6565 0.1322 0.2819 0.0056
26 14 approx2_25 3.6565 0.1322 0.2819 0.0072
27 1 np 3.5943 0.4265 0.6535 0.0031
27 2 approx1 4.1943 0.3674 0.6180 0.0249
27 3 approx2_5 6.6956 0.3673 0.3124 0.0053
27 4 approx2_10 5.0217 0.2269 0.5066 0.0039
27 5 approx2_15 5.0217 0.2269 0.5066 0.0054
27 6 approx2_20 4.6032 0.2446 0.5275 0.0394
27 7 approx2_25 4.6032 0.2446 0.5275 0.0076
27 8 np 3.3338 0.4002 0.6278 0.0032
27 9 approx1 4.1943 0.3674 0.6180 0.0124
27 10 approx2_5 6.6956 0.3673 0.3124 0.0025
27 11 approx2_10 5.0217 0.2269 0.5066 0.0037
27 12 approx2_15 5.0217 0.2269 0.5066 0.0049
27 13 approx2_20 4.6032 0.2446 0.5275 0.0065
27 14 approx2_25 4.6032 0.2446 0.5275 0.0075
28 1 np 4.2198 0.4301 0.5277 0.0045
28 2 approx1 4.1963 0.2607 0.3242 0.0132
28 3 approx2_5 7.0353 0.2218 0.3180 0.0025
28 4 approx2_10 5.2765 0.1605 0.3312 0.0038
28 5 approx2_15 4.3971 0.3560 0.4756 0.0050
28 6 approx2_20 3.9574 0.2267 0.4297 0.0062
28 7 approx2_25 3.9574 0.2267 0.4297 0.0072
28 8 np 4.2256 0.4038 0.5113 0.0029
28 9 approx1 4.1963 0.2607 0.3242 0.0122
28 10 approx2_5 7.0353 0.2218 0.3180 0.0032
28 11 approx2_10 5.2765 0.1605 0.3312 0.0037
28 12 approx2_15 4.3971 0.3560 0.4756 0.0049
28 13 approx2_20 3.9574 0.2267 0.4297 0.0062
28 14 approx2_25 3.9574 0.2267 0.4297 0.0072
29 1 np 3.8946 0.3922 0.6643 0.0032
29 2 approx1 4.3233 0.2535 0.4685 0.0124
29 3 approx2_5 6.0478 0.3141 0.5569 0.0025
29 4 approx2_10 4.5358 0.1955 0.5325 0.0039
29 5 approx2_15 3.7799 0.1968 0.4562 0.0054
29 6 approx2_20 3.4019 0.1947 0.4620 0.0070
29 7 approx2_25 3.4019 0.1947 0.4620 0.0089
29 8 np 3.5312 0.3572 0.6380 0.0026
29 9 approx1 4.3233 0.2535 0.4685 0.0124
29 10 approx2_5 6.0478 0.3141 0.5569 0.0028
29 11 approx2_10 4.5358 0.1955 0.5325 0.0038
29 12 approx2_15 3.7799 0.1968 0.4562 0.0054
29 13 approx2_20 3.4019 0.1947 0.4620 0.0070
29 14 approx2_25 3.4019 0.1947 0.4620 0.0082
